0.071709 0.227022 0.380133 0.123194 0.172649 0.104470 0.136036 0.177609 0.026881 0.030078 0.154225
0.0631787555 0.0653177778 0.0772127348 0.0704643888 0.0815351160 0.0656471189 0.0549017114 0.0695395890 0.0437434368 0.0334718675 0.0360243905
0.0653177778 0.8480140609 0.2172662918 0.1541149277 0.1419507295 0.1059722542 0.1487964347 0.1033892456 0.0941173756 0.0668150907 0.0308410077
0.0772127348 0.2172662918 2.7101519241 0.1701993172 0.9236301066 0.4064397359 0.2486781933 0.6145080542 0.2718345674 0.4058810103 0.2620536443
0.0704643888 0.1541149277 0.1701993172 0.2247364058 0.1383867716 0.1014802942 0.0768242941 0.1505029200 0.1234529308 0.0915967960 0.0923647631
0.0815351160 0.1419507295 0.9236301066 0.1383867716 0.5832718650 0.1931547614 0.1186051906 0.3582173369 0.1468492906 0.1556577768 0.2161173796
0.0656471189 0.1059722542 0.4064397359 0.1014802942 0.1931547614 0.1821473843 0.0869941201 0.2303250905 0.1133781945 0.1266432540 0.1192524038
0.0549017114 0.1487964347 0.2486781933 0.0768242941 0.1186051906 0.0869941201 0.3321245426 0.1162205497 0.0673167585 0.0535743392 0.0460907337
0.0695395890 0.1033892456 0.6145080542 0.1505029200 0.3582173369 0.2303250905 0.1162205497 0.9340990420 0.2261595369 0.2197069573 0.1880620071
0.0437434368 0.0941173756 0.2718345674 0.1234529308 0.1468492906 0.1133781945 0.0673167585 0.2261595369 0.1487943540 0.1242420813 0.0893304721
0.0334718675 0.0668150907 0.4058810103 0.0915967960 0.1556577768 0.1266432540 0.0535743392 0.1266432540 0.0535743392 0.1542597563 0.0974356108
0.0360243905 0.0308410077 0.2620536443 0.0923647631 0.2161173796 0.1192524038 0.0460907337 0.1880620071 0.0893304721 0.0974356108 0.3790404354